,model__colsample_bytree,model__learning_rate,model__max_bin,model__min_child_samples,model__n_estimators,model__num_leaves,model__reg_alpha,model__reg_lambda,model__subsample
model__colsample_bytree,0.612343161723229,0.003494764975920544,136,17,881,20,3.325730971192027,0.7866314000091412,0.6475497564708288
model__learning_rate,0.612343161723229,0.003494764975920544,136,17,881,20,3.325730971192027,0.7866314000091412,0.6475497564708288
model__max_bin,0.612343161723229,0.003494764975920544,136,17,881,20,3.325730971192027,0.7866314000091412,0.6475497564708288
model__min_child_samples,0.612343161723229,0.003494764975920544,136,17,881,20,3.325730971192027,0.7866314000091412,0.6475497564708288
model__n_estimators,0.612343161723229,0.003494764975920544,136,17,881,20,3.325730971192027,0.7866314000091412,0.6475497564708288
model__num_leaves,0.612343161723229,0.003494764975920544,136,17,881,20,3.325730971192027,0.7866314000091412,0.6475497564708288
model__reg_alpha,0.612343161723229,0.003494764975920544,136,17,881,20,3.325730971192027,0.7866314000091412,0.6475497564708288
model__reg_lambda,0.612343161723229,0.003494764975920544,136,17,881,20,3.325730971192027,0.7866314000091412,0.6475497564708288
model__subsample,0.612343161723229,0.003494764975920544,136,17,881,20,3.325730971192027,0.7866314000091412,0.6475497564708288
