,model__colsample_bytree,model__learning_rate,model__max_bin,model__min_child_samples,model__n_estimators,model__num_leaves,model__reg_alpha,model__reg_lambda,model__subsample
model__colsample_bytree,0.7073899427560627,0.003326399371381578,71,29,865,17,4.42036702053619,0.24294123442692134,0.8460028906796679
model__learning_rate,0.7073899427560627,0.003326399371381578,71,29,865,17,4.42036702053619,0.24294123442692134,0.8460028906796679
model__max_bin,0.7073899427560627,0.003326399371381578,71,29,865,17,4.42036702053619,0.24294123442692134,0.8460028906796679
model__min_child_samples,0.7073899427560627,0.003326399371381578,71,29,865,17,4.42036702053619,0.24294123442692134,0.8460028906796679
model__n_estimators,0.7073899427560627,0.003326399371381578,71,29,865,17,4.42036702053619,0.24294123442692134,0.8460028906796679
model__num_leaves,0.7073899427560627,0.003326399371381578,71,29,865,17,4.42036702053619,0.24294123442692134,0.8460028906796679
model__reg_alpha,0.7073899427560627,0.003326399371381578,71,29,865,17,4.42036702053619,0.24294123442692134,0.8460028906796679
model__reg_lambda,0.7073899427560627,0.003326399371381578,71,29,865,17,4.42036702053619,0.24294123442692134,0.8460028906796679
model__subsample,0.7073899427560627,0.003326399371381578,71,29,865,17,4.42036702053619,0.24294123442692134,0.8460028906796679
